0.193887768817204  975.403225806451
0.215285618279570  989.919354838709
0.235346102150538  1069.75806451613
0.263430779569892  1106.04838709677
0.306226478494624  1193.14516129032
0.330299059139785  1302.01612903226
0.357046370967742  1374.59677419355
0.385131048387097  1461.69354838710
0.411878360215054  1570.56451612903
0.422577284946237  1621.37096774193
0.441300403225806  1744.75806451613
0.465372983870968  1788.30645161290
0.505493951612903  1824.59677419355
0.533578629032258  1860.88709677419
0.576374327956989  1897.17741935484
0.600446908602150  1897.17741935484
0.616495295698925  1926.20967741935
0.641905241935484  1977.01612903226
0.659290994623656  1998.79032258065
0.710110887096774  2013.30645161290
0.684700940860215  2006.04838709677
0.734183467741935  1977.01612903226
0.755581317204301  1889.91935483871
0.774304435483871  1889.91935483871
0.813088037634409  1766.53225806452
0.813088037634409  1744.75806451613
0.826461693548387  1672.17741935484
0.835823252688172  1621.37096774193
0.871932123655914  1512.50000000000
0.900016801075269  1468.95161290323
0.921414650537634  1461.69354838710
0.937463037634409  1468.95161290323
0.961535618279570  1468.95161290323
0.986945564516129  1483.46774193548
1.00566868279570   1490.72580645161
1.03910282258065   1512.50000000000
1.06986223118280   1512.50000000000
1.09126008064516   1468.95161290323
1.14341733870968   1381.85483870968
1.17016465053763   1323.79032258065
1.21429771505376   1251.20967741935
1.23034610215054   1251.20967741935
1.24238239247312   1251.20967741935
1.26378024193548   1280.24193548387
1.29052755376344   1331.04838709677
1.32396169354839   1360.08064516129















































