0.199237231182796  953.629032258064
0.211273521505376  1004.43548387097
0.223309811827957  1047.98387096774
0.239358198924731  1142.33870967742
0.263430779569892  1222.17741935484
0.283491263440860  1331.04838709677
0.295527553763441  1374.59677419355
0.306226478494624  1461.69354838710
0.323612231182796  1468.95161290323
0.336985887096774  1512.50000000000
0.357046370967742  1548.79032258065
0.395829973118279  1570.56451612903
0.417227822580645  1577.82258064516
0.437288306451613  1657.66129032258
0.445312500000000  1715.72580645161
0.478746639784946  1824.59677419355
0.490782930107527  1875.40322580645
0.514855510752688  1926.20967741935
0.537590725806452  1969.75806451613
0.557651209677419  2006.04838709677
0.580386424731183  1998.79032258065
0.600446908602150  1991.53225806452
0.623182123655914  1962.50000000000
0.653941532258064  1933.46774193548
0.678014112903226  1897.17741935484
0.700749327956989  1860.88709677419
0.727496639784946  1860.88709677419
0.755581317204301  1788.30645161290
0.780991263440860  1744.75806451613
0.803726478494624  1686.69354838710
0.821112231182796  1635.88709677419
0.841172715053764  1621.37096774193
0.862570564516129  1577.82258064516
0.890655241935484  1548.79032258065
0.925426747311828  1512.50000000000
0.962872983870968  1490.72580645161
0.989620295698925  1483.46774193548
1.03241599462366   1468.95161290323
1.06718750000000   1468.95161290323
1.09126008064516   1468.95161290323
1.10998319892473   1468.95161290323
1.13004368279570   1439.91935483871
1.14876680107527   1389.11290322581
1.17952620967742   1360.08064516129
1.19289986559140   1360.08064516129
1.21296034946237   1302.01612903226
1.23302083333333   1294.75806451613
1.24104502688172   1294.75806451613
1.25040658602151   1294.75806451613


















































