0.189875672043011 786.693548387097
0.204586693548387 786.693548387097
0.240695564516129 822.983870967742
0.260756048387097 895.564516129032
0.268780241935484 1004.43548387097
0.283491263440860 1214.91935483871
0.302214381720430 1374.59677419355
0.332973790322581 1468.95161290323
0.365070564516129 1570.56451612903
0.375769489247312 1606.85483870968
0.389143145161290 1766.53225806452
0.405191532258064 1839.11290322581
0.427926747311828 1947.98387096774
0.454674059139785 2035.08064516129
0.474734543010753 2114.91935483871
0.493457661290323 2281.85483870968
0.505493951612903 2361.69354838710
0.524217069892473 2383.46774193548
0.541602822580645 2354.43548387097
0.561663306451613 2245.56451612903
0.580386424731183 2158.46774193548
0.613820564516129 2078.62903225806
0.647254704301075 2071.37096774193
0.663303091397850 2071.37096774193
0.682026209677419 2071.37096774193
0.696737231182796 2071.37096774193
0.715460349462366 2078.62903225806
0.734183467741935 2078.62903225806
0.755581317204301 2078.62903225806
0.779653897849463 2071.37096774193
0.802389112903226 2013.30645161290
0.833148521505376 1940.72580645161
0.854546370967742 1839.11290322581
0.882631048387097 1752.01612903226
0.902691532258065 1672.17741935484
0.921414650537634 1606.85483870968
0.937463037634409 1577.82258064516
0.952174059139785 1548.79032258065
0.965547715053764 1468.95161290323
0.980258736559140 1439.91935483871
0.996307123655914 1432.66129032258
1.01770497311828  1439.91935483871
1.03642809139785  1439.91935483871
1.06451276881720  1461.69354838710
1.09660954301075  1468.95161290323
1.11533266129032  1483.46774193548
1.15144153225806  1483.46774193548
1.17150201612903  1483.46774193548
1.19557459677419  1468.95161290323
1.22365927419355  1439.91935483871
1.24104502688172  1432.66129032258
1.26779233870968  1389.11290322581
1.29186491935484  1360.08064516129






















































