0.191213037634409  939.112903225806
0.220635080645161  1004.43548387097
0.240695564516129  1142.33870967742
0.275467069892473  1272.98387096774
0.300877016129032  1410.88709677419
0.311575940860215  1541.53225806452
0.345010080645161  1628.62903225806
0.357046370967742  1686.69354838710
0.377106854838710  1781.04838709677
0.402516801075269  1911.69354838710
0.409203629032258  2006.04838709677
0.437288306451613  2114.91935483871
0.464035618279570  2209.27419354839
0.481421370967742  2281.85483870968
0.501481854838710  2347.17741935484
0.524217069892473  2397.98387096774
0.542940188172043  2463.30645161290
0.552301747311828  2492.33870967742
0.561663306451613  2521.37096774193
0.581723790322581  2514.11290322581
0.608471102150538  2441.53225806452
0.609808467741935  2397.98387096774
0.632543682795699  2310.88709677419
0.656616263440860  2252.82258064516
0.669989919354839  2209.27419354839
0.691387768817204  2122.17741935484
0.703424059139785  2064.11290322581
0.720809811827957  2042.33870967742
0.732846102150538  2013.30645161290
0.748894489247312  1991.53225806452
0.762268145161290  1962.50000000000
0.776979166666667  1926.20967741935
0.793027553763441  1897.17741935484
0.805063844086022  1875.40322580645
0.821112231182796  1853.62903225806
0.835823252688172  1853.62903225806
0.854546370967742  1817.33870967742
0.875944220430108  1788.30645161290
0.891992607526882  1715.72580645161
0.904028897849462  1672.17741935484
0.921414650537634  1606.85483870968
0.946824596774194  1592.33870967742
0.958860887096774  1570.56451612903
0.970897177419355  1512.50000000000
0.989620295698925  1490.72580645161
1.00834341397849   1468.95161290323
1.02439180107527   1461.69354838710
1.03910282258065   1439.91935483871
1.06317540322581   1461.69354838710
1.07922379032258   1468.95161290323
1.09660954301075   1468.95161290323
1.11132056451613   1490.72580645161
1.13806787634409   1519.75806451613
1.14742943548387   1541.53225806452
1.16214045698925   1570.56451612903
1.17150201612903   1606.85483870968
1.18888776881720   1635.88709677419
1.20493615591398   1650.40322580645
1.21697244623656   1635.88709677419
1.23168346774194   1621.37096774193





























































