0.199237231182796  975.403225806451
0.204586693548387  1026.20967741935
0.225984543010753  1077.01612903226
0.251394489247312  1142.33870967742
0.286165994623656  1185.88709677419
0.311575940860215  1236.69354838710
0.335648521505376  1272.98387096774
0.355709005376344  1331.04838709677
0.379781586021505  1389.11290322581
0.393155241935484  1439.91935483871
0.409203629032258  1497.98387096774
0.421239919354839  1548.79032258065
0.431938844086021  1628.62903225806
0.445312500000000  1679.43548387097
0.464035618279570  1817.33870967742
0.477409274193548  1839.11290322581
0.493457661290323  1853.62903225806
0.524217069892473  1875.40322580645
0.552301747311828  1904.43548387097
0.569687500000000  1904.43548387097
0.607133736559140  1904.43548387097
0.625856854838710  1897.17741935484
0.644579973118280  1933.46774193548
0.653941532258064  1991.53225806452
0.672664650537634  1998.79032258065
0.696737231182796  2013.30645161290
0.712785618279570  1998.79032258065
0.739532930107527  1969.75806451613
0.767617607526882  1897.17741935484
0.802389112903226  1824.59677419355
0.823786962365591  1752.01612903226
0.841172715053764  1635.88709677419
0.873269489247312  1548.79032258065
0.900016801075269  1497.98387096774
0.912053091397850  1483.46774193548
0.930776209677420  1468.95161290323
0.953511424731183  1497.98387096774
0.974909274193548  1512.50000000000
1.01101814516129   1519.75806451613
1.04980174731183   1512.50000000000
1.07387432795699   1497.98387096774
1.10195900537634   1439.91935483871
1.12068212365591   1374.59677419355
1.15277889784946   1360.08064516129
1.18487567204301   1331.04838709677
1.20359879032258   1302.01612903226
1.23034610215054   1302.01612903226
1.25040658602151   1294.75806451613
1.26511760752688   1302.01612903226
1.30256384408602   1331.04838709677



















































