0.199237231182796  859.274193548386
0.215285618279570  953.629032258064
0.239358198924731  1069.75806451613
0.254069220430107  1214.91935483871
0.272792338709677  1302.01612903226
0.286165994623656  1432.66129032258
0.292852822580645  1541.53225806452
0.311575940860215  1708.46774193548
0.324949596774194  1766.53225806452
0.343672715053763  1868.14516129032
0.357046370967742  1947.98387096774
0.389143145161290  2064.11290322581
0.395829973118279  2122.17741935484
0.417227822580645  2209.27419354839
0.441300403225806  2347.17741935484
0.458686155913978  2419.75806451613
0.490782930107527  2564.91935483871
0.502819220430107  2608.46774193548
0.521542338709677  2608.46774193548
0.538928091397849  2528.62903225806
0.561663306451613  2434.27419354839
0.576374327956989  2347.17741935484
0.592422715053763  2252.82258064516
0.623182123655914  2187.50000000000
0.647254704301075  2136.69354838710
0.668652553763441  2100.40322580645
0.687375672043011  2078.62903225806
0.700749327956989  2078.62903225806
0.715460349462366  2078.62903225806
0.724821908602151  2078.62903225806
0.743545026881721  2078.62903225806
0.762268145161290  2071.37096774193
0.776979166666667  2035.08064516129
0.783665994623656  2013.30645161290
0.811750672043011  1947.98387096774
0.829136424731183  1911.69354838710
0.853209005376344  1868.14516129032
0.869257392473118  1839.11290322581
0.890655241935484  1781.04838709677
0.904028897849462  1715.72580645161
0.925426747311828  1628.62903225806
0.940137768817204  1570.56451612903
0.965547715053764  1512.50000000000
0.986945564516129  1468.95161290323
1.00433131720430   1432.66129032258
1.02305443548387   1425.40322580645
1.03642809139785   1432.66129032258
1.04712701612903   1439.91935483871
1.06852486559140   1439.91935483871
1.08323588709677   1439.91935483871
1.10463373655914   1461.69354838710
1.11934475806452   1468.95161290323
1.13940524193548   1468.95161290323
1.15812836021505   1468.95161290323
1.16748991935484   1468.95161290323
1.18621303763441   1468.95161290323
1.19557459677419   1461.69354838710
1.20359879032258   1439.91935483871
1.22098454301075   1425.40322580645
1.22767137096774   1425.40322580645
1.24639448924731   1403.62903225806






























































