0.193887768817204  873.790322580645
0.204586693548387  924.596774193548
0.231334005376344  1004.43548387097
0.254069220430107  1113.30645161290
0.292852822580645  1302.01612903226
0.324949596774194  1454.43548387097
0.351696908602150  1563.30645161290
0.382456317204301  1650.40322580645
0.414553091397849  1686.69354838710
0.450661962365591  1730.24193548387
0.493457661290323  1737.50000000000
0.529566532258065  1766.53225806452
0.557651209677419  1824.59677419355
0.571024865591398  1831.85483870968
0.595097446236559  1846.37096774193
0.608471102150538  1853.62903225806
0.628531586021505  1846.37096774193
0.644579973118280  1802.82258064516
0.663303091397850  1802.82258064516
0.682026209677419  1802.82258064516
0.699411962365591  1781.04838709677
0.718135080645161  1766.53225806452
0.743545026881721  1737.50000000000
0.762268145161290  1730.24193548387
0.789015456989247  1679.43548387097
0.817100134408602  1592.33870967742
0.826461693548387  1577.82258064516
0.847859543010753  1512.50000000000
0.871932123655914  1497.98387096774
0.900016801075269  1490.72580645161
0.940137768817204  1468.95161290323
0.958860887096774  1468.95161290323
0.996307123655914  1454.43548387097
1.01503024193548   1425.40322580645
1.02706653225806   1410.88709677419
1.05113911290323   1374.59677419355
1.07521169354839   1323.79032258065
1.12469422043011   1272.98387096774
1.15946572580645   1236.69354838710
1.18621303763441   1222.17741935484
1.20761088709677   1222.17741935484
1.22499663978495   1243.95161290323
1.23970766129032   1280.24193548387
1.26912970430108   1331.04838709677
1.28384072580645   1389.11290322581
1.29320228494624   1403.62903225806















































