0.193887768817204  830.241935483870
0.212610887096774  859.274193548386
0.240695564516129  910.080645161290
0.263430779569892  968.145161290322
0.302214381720430  1004.43548387097
0.319600134408602  1055.24193548387
0.339660618279570  1156.85483870968
0.366407930107527  1265.72580645161
0.395829973118279  1389.11290322581
0.422577284946237  1483.46774193548
0.439963037634409  1548.79032258065
0.464035618279570  1635.88709677419
0.486770833333333  1715.72580645161
0.501481854838710  1766.53225806452
0.520204973118279  1802.82258064516
0.552301747311828  1875.40322580645
0.569687500000000  1940.72580645161
0.600446908602150  2027.82258064516
0.623182123655914  2078.62903225806
0.649929435483871  2071.37096774193
0.663303091397850  2071.37096774193
0.692725134408602  2064.11290322581
0.710110887096774  2064.11290322581
0.727496639784946  2035.08064516129
0.755581317204301  1998.79032258065
0.774304435483871  1911.69354838710
0.795702284946237  1853.62903225806
0.813088037634409  1788.30645161290
0.833148521505376  1715.72580645161
0.847859543010753  1679.43548387097
0.866582661290323  1657.66129032258
0.883968413978495  1635.88709677419
0.897342069892473  1606.85483870968
0.916065188172043  1577.82258064516
0.928101478494624  1592.33870967742
0.956186155913979  1548.79032258065
0.989620295698925  1527.01612903226
1.01101814516129   1512.50000000000
1.04712701612903   1468.95161290323
1.06718750000000   1461.69354838710
1.08858534946237   1432.66129032258
1.11533266129032   1381.85483870968
1.15277889784946   1331.04838709677
1.17685147849462   1323.79032258065
1.20359879032258   1323.79032258065
1.23034610215054   1323.79032258065
1.24906922043011   1302.01612903226
1.27447916666667   1302.01612903226
1.28651545698925   1302.01612903226
1.29988911290323   1280.24193548387



















































