0.193887768817204 946.370967741935
0.212610887096774 1040.72580645161
0.232671370967742 1084.27419354839
0.259418682795699 1142.33870967742
0.279479166666667 1272.98387096774
0.310238575268817 1331.04838709677
0.327624327956989 1410.88709677419
0.343672715053763 1461.69354838710
0.365070564516129 1519.75806451613
0.375769489247312 1577.82258064516
0.409203629032258 1635.88709677419
0.431938844086021 1686.69354838710
0.445312500000000 1752.01612903226
0.458686155913978 1824.59677419355
0.472059811827957 1868.14516129032
0.488108198924731 1933.46774193548
0.505493951612903 1962.50000000000
0.524217069892473 1991.53225806452
0.552301747311828 1998.79032258065
0.580386424731183 1998.79032258065
0.608471102150538 1977.01612903226
0.625856854838710 1962.50000000000
0.656616263440860 1947.98387096774
0.682026209677419 1947.98387096774
0.703424059139785 1962.50000000000
0.727496639784946 1940.72580645161
0.743545026881721 1875.40322580645
0.774304435483871 1831.85483870968
0.789015456989247 1752.01612903226
0.807738575268817 1679.43548387097
0.833148521505376 1606.85483870968
0.859895833333333 1592.33870967742
0.882631048387097 1548.79032258065
0.909378360215054 1541.53225806452
0.928101478494624 1527.01612903226
0.952174059139785 1527.01612903226
0.974909274193548 1527.01612903226
0.989620295698925 1519.75806451613
1.01101814516129  1497.98387096774
1.03642809139785  1439.91935483871
1.05515120967742  1410.88709677419
1.07922379032258  1410.88709677419
1.10195900537634  1389.11290322581
1.12469422043011  1403.62903225806
1.15277889784946  1381.85483870968
1.17417674731183  1360.08064516129
1.20894825268817  1360.08064516129
1.22365927419355  1323.79032258065
1.23703293010753  1302.01612903226
1.25843077956989  1302.01612903226
1.26511760752688  1331.04838709677
1.28116599462366  1360.08064516129
1.29988911290323  1381.85483870968























































