0.193887768817204  939.112903225806
0.225984543010753  1004.43548387097
0.244707661290322  1047.98387096774
0.279479166666667  1106.04838709677
0.311575940860215  1142.33870967742
0.343672715053763  1222.17741935484
0.365070564516129  1265.72580645161
0.379781586021505  1302.01612903226
0.393155241935484  1374.59677419355
0.407866263440860  1425.40322580645
0.425252016129032  1468.95161290323
0.450661962365591  1490.72580645161
0.464035618279570  1570.56451612903
0.488108198924731  1606.85483870968
0.488108198924731  1730.24193548387
0.509506048387097  1802.82258064516
0.533578629032258  1817.33870967742
0.550964381720430  1824.59677419355
0.579049059139785  1795.56451612903
0.592422715053763  1781.04838709677
0.619170026881720  1752.01612903226
0.619170026881720  1853.62903225806
0.635218413978495  1889.91935483871
0.644579973118280  1940.72580645161
0.668652553763441  2013.30645161290
0.692725134408602  2013.30645161290
0.723484543010753  1998.79032258065
0.746219758064516  1977.01612903226
0.770292338709677  1926.20967741935
0.793027553763441  1824.59677419355
0.813088037634409  1766.53225806452
0.841172715053764  1715.72580645161
0.857221102150538  1628.62903225806
0.881293682795699  1606.85483870968
0.900016801075269  1577.82258064516
0.925426747311828  1541.53225806452
0.946824596774194  1512.50000000000
0.968222446236559  1497.98387096774
0.993632392473118  1461.69354838710
1.01503024193548   1461.69354838710
1.03241599462366   1461.69354838710
1.05113911290323   1439.91935483871
1.06718750000000   1439.91935483871
1.08724798387097   1439.91935483871
1.11132056451613   1410.88709677419
1.14475470430108   1360.08064516129
1.17551411290323   1331.04838709677
1.19958669354839   1302.01612903226
1.22232190860215   1302.01612903226
1.24238239247312   1302.01612903226
1.25843077956989   1331.04838709677
1.27314180107527   1345.56451612903
1.28651545698925   1345.56451612903
1.29988911290323   1345.56451612903























































