1.54334677419355  1273.14516129032
1.67506720430107  1236.85483870968
1.74092741935484  1199.11290322581
1.77385752688172  1158.46774193548
1.90557795698924  1120.72580645161
2.00436827956989  1081.53225806452
2.10315860215054  1043.79032258065
2.16901881720430  997.338709677419
2.23487903225806  949.435483870968
2.30073924731183  908.790322580645
2.56418010752688  868.145161290323
2.69590053763441  811.532258064516
2.95934139784946  772.338709677419
3.12399193548387  736.048387096774
3.28864247311828  701.209677419355
3.61794354838709  663.467741935484
4.17775537634408  644.596774193548
4.90221774193548  625.725806451613
5.39616935483871  611.209677419355
6.05477150537634  608.306451612903
6.74630376344086  601.048387096774
7.47076612903226  599.596774193548
8.26108870967742  593.790322580645
9.15020161290322  599.596774193548
10.0393145161290  595.241935483871
10.8625672043011  599.596774193548



























