0.545614919354839  1933.78812199037
0.567012768817204  1933.78812199037
0.589747983870968  1904.89566613162
0.607133736559140  1897.67255216694
0.619170026881720  1883.22632423756
0.629868951612903  1861.55698234350
0.644579973118279  1839.88764044944
0.656616263440860  1825.44141252007
0.665977822580645  1825.44141252007
0.680688844086021  1796.54895666132
0.692725134408602  1789.32584269663
0.706098790322581  1789.32584269663
0.715460349462366  1767.65650080257
0.730171370967742  1731.54093097913
0.742207661290323  1731.54093097913
0.751569220430107  1695.42536115570
0.764942876344086  1666.53290529695
0.774304435483871  1652.08667736758
0.783665994623656  1623.19422150883
0.798377016129032  1615.97110754414
0.807738575268817  1594.30176565008
0.823786962365591  1579.85553772071
0.829136424731183  1565.40930979133
0.847859543010753  1536.51685393259
0.863907930107527  1507.62439807384
0.882631048387097  1507.62439807384
0.897342069892473  1485.95505617978
0.904028897849462  1485.95505617978
0.921414650537634  1478.73194221509
0.937463037634409  1485.95505617978
0.953511424731183  1485.95505617978
0.977584005376344  1485.95505617978
0.986945564516129  1478.73194221509
0.996307123655914  1457.06260032103
1.01101814516129   1428.17014446228
1.02037970430108   1420.94703049759
1.02706653225806   1399.27768860353
1.03642809139785   1392.05457463885
1.04712701612903   1363.16211878010
1.05515120967742   1348.71589085072
1.06183803763441   1334.26966292135
1.07119959677419   1319.82343499198
1.08189852150538   1319.82343499198












































