0.480084005376344    2346.70947030498
0.508168682795699    2182.98555377207
0.529566532258064    2115.56982343499
0.553639112903226    2048.15409309791
0.585735887096774    2004.81540930979
0.613820564516129    1951.84590690209
0.643242607526882    1903.69181380417
0.679351478494624    1855.53772070626
0.704761424731183    1802.56821829856
0.735520833333333    1759.22953451043
0.766280241935484    1691.81380417336
0.798377016129032    1614.76725521669
0.818437500000000    1561.79775280899
0.837160618279570    1504.01284109149
0.859895833333333    1484.75120385233
0.887980510752688    1465.48956661316

