1.952251e-01 2.045867e-01
2.166230e-01 2.299966e-01
2.460450e-01 2.607560e-01
2.741297e-01 2.941902e-01
3.035517e-01 3.142507e-01
3.262870e-01 3.450101e-01
3.650706e-01 3.744321e-01
3.851310e-01 3.918179e-01
4.065289e-01 4.212399e-01
4.319388e-01 4.519993e-01
4.653730e-01 4.840961e-01
5.028192e-01 5.148555e-01
5.309039e-01 5.429402e-01
5.616633e-01 5.803864e-01
5.897480e-01 6.017843e-01
6.138206e-01 6.258569e-01
6.472547e-01 6.566163e-01
6.753394e-01 6.967372e-01
7.208098e-01 7.395329e-01
7.555813e-01 7.729671e-01
7.836660e-01 8.010517e-01
8.144254e-01 8.331485e-01
8.505343e-01 8.719321e-01
8.906552e-01 9.093784e-01
9.281015e-01 9.468246e-01
9.655477e-01 9.802587e-01
9.949698e-01 1.015030e+00
1.033753e+00 1.049802e+00
1.071200e+00 1.087248e+00
1.100622e+00 1.120682e+00
1.152779e+00 1.170165e+00
1.188888e+00 1.207611e+00
1.222322e+00 1.242382e+00
1.258431e+00 1.277154e+00
1.287853e+00 1.306576e+00
9.173387e+02 1.018952e+03
1.069758e+03 1.127823e+03
1.207661e+03 1.243952e+03
1.265726e+03 1.272984e+03
1.316532e+03 1.331048e+03
1.352823e+03 1.425403e+03
1.461694e+03 1.497984e+03
1.548790e+03 1.577823e+03
1.628629e+03 1.701210e+03
1.781048e+03 1.795565e+03
1.853629e+03 1.853629e+03
1.882661e+03 1.904435e+03
1.904435e+03 1.940726e+03
1.918952e+03 1.911694e+03
1.918952e+03 1.933468e+03
1.977016e+03 1.991532e+03
1.998790e+03 2.020565e+03
2.020565e+03 2.013306e+03
1.991532e+03 1.969758e+03
1.940726e+03 1.904435e+03
1.831855e+03 1.759274e+03
1.686694e+03 1.628629e+03
1.577823e+03 1.563306e+03
1.527016e+03 1.490726e+03
1.512500e+03 1.512500e+03
1.512500e+03 1.512500e+03
1.512500e+03 1.512500e+03
1.519758e+03 1.519758e+03
1.497984e+03 1.468952e+03
1.410887e+03 1.374597e+03
1.352823e+03 1.316532e+03
1.294758e+03 1.280242e+03
1.294758e+03 1.316532e+03
1.345565e+03 1.360081e+03
1.403629e+03 1.403629e+03
