0.196562500000000    975.403225806451
0.215285618279570    1026.20967741935
0.244707661290322    1193.14516129032
0.272792338709677    1251.20967741935
0.286165994623656    1345.56451612903
0.302214381720430    1403.62903225806
0.314250672043011    1468.95161290323
0.334311155913978    1527.01612903226
0.361058467741935    1577.82258064516
0.379781586021505    1628.62903225806
0.403854166666667    1657.66129032258
0.414553091397849    1679.43548387097
0.437288306451613    1708.46774193548
0.472059811827957    1759.27419354839
0.501481854838710    1839.11290322581
0.524217069892473    1875.40322580645
0.548289650537634    1897.17741935484
0.571024865591398    1911.69354838710
0.585735887096774    1911.69354838710
0.600446908602150    1911.69354838710
0.616495295698925    1911.69354838710
0.640567876344086    1926.20967741935
0.672664650537634    1897.17741935484
0.696737231182796    1868.14516129032
0.727496639784946    1824.59677419355
0.755581317204301    1752.01612903226
0.780991263440860    1686.69354838710
0.798377016129032    1650.40322580645
0.821112231182796    1592.33870967742
0.847859543010753    1577.82258064516
0.875944220430108    1512.50000000000
0.904028897849462    1468.95161290323
0.928101478494624    1461.69354838710
0.965547715053764    1468.95161290323
0.986945564516129    1468.95161290323
1.01503024193548     1468.95161290323
1.03642809139785     1425.40322580645
1.06852486559140     1360.08064516129
1.09259744623656     1302.01612903226
1.10730846774194     1236.69354838710
1.12870631720430     1222.17741935484
1.15277889784946     1222.17741935484
1.17417674731183     1214.91935483871
1.19557459677419     1214.91935483871
1.22098454301075     1222.17741935484
1.24505712365591     1265.72580645161
1.26378024193548     1272.98387096774
1.27715389784946     1302.01612903226
1.29186491935484     1272.98387096774


















































