1.912130e-01 2.019120e-01
2.139483e-01 2.313340e-01
2.500571e-01 2.687802e-01
2.808165e-01 2.928528e-01
3.062265e-01 3.209375e-01
3.343112e-01 3.557090e-01
3.757695e-01 3.904805e-01
4.051915e-01 4.132157e-01
4.292641e-01 4.439751e-01
4.533367e-01 4.640356e-01
4.760719e-01 4.961324e-01
5.095060e-01 5.322413e-01
5.456149e-01 5.643380e-01
5.857359e-01 6.044590e-01
6.205074e-01 6.325437e-01
6.539415e-01 6.726647e-01
6.900504e-01 7.034241e-01
7.154603e-01 7.315087e-01
7.408703e-01 7.555813e-01
7.729671e-01 7.930276e-01
8.117507e-01 8.237870e-01
8.451848e-01 8.665827e-01
8.826310e-01 9.000168e-01
9.120531e-01 9.281015e-01
9.428125e-01 9.588609e-01
9.749093e-01 9.896203e-01
9.963071e-01 1.017705e+00
1.044452e+00 1.060501e+00
1.079224e+00 1.103296e+00
1.118007e+00 1.134056e+00
1.147429e+00 1.166153e+00
1.184876e+00 1.198249e+00
1.208948e+00 1.224997e+00
1.241045e+00 1.253081e+00
1.270467e+00 1.283841e+00
1.299889e+00 9.028226e+02
9.463710e+02 1.004435e+03
1.084274e+03 1.127823e+03
1.185887e+03 1.251210e+03
1.302016e+03 1.360081e+03
1.381855e+03 1.439919e+03
1.490726e+03 1.548790e+03
1.592339e+03 1.606855e+03
1.635887e+03 1.686694e+03
1.730242e+03 1.781048e+03
1.839113e+03 1.889919e+03
1.926210e+03 1.962500e+03
1.977016e+03 1.998790e+03
2.027823e+03 2.020565e+03
2.013306e+03 1.984274e+03
1.977016e+03 1.984274e+03
1.984274e+03 1.984274e+03
1.969758e+03 1.926210e+03
1.918952e+03 1.889919e+03
1.853629e+03 1.831855e+03
1.766532e+03 1.708468e+03
1.679435e+03 1.628629e+03
1.606855e+03 1.577823e+03
1.548790e+03 1.548790e+03
1.519758e+03 1.512500e+03
1.497984e+03 1.490726e+03
1.468952e+03 1.461694e+03
1.439919e+03 1.461694e+03
1.439919e+03 1.439919e+03
1.425403e+03 1.432661e+03
1.403629e+03 1.381855e+03
1.360081e+03 1.352823e+03
1.331048e+03 1.331048e+03
1.374597e+03 1.389113e+03
1.403629e+03 1.410887e+03
1.425403e+03 1.432661e+03
