1.965625e-01 2.112735e-01
2.299966e-01 2.460450e-01
2.701176e-01 2.848286e-01
2.995397e-01 3.169254e-01
3.356485e-01 3.503595e-01
3.677453e-01 3.837937e-01
4.092036e-01 4.292641e-01
4.560114e-01 4.707224e-01
4.840961e-01 5.054940e-01
5.295665e-01 5.429402e-01
5.696875e-01 5.924227e-01
6.138206e-01 6.526042e-01
6.726647e-01 6.967372e-01
7.181351e-01 7.341835e-01
7.515692e-01 7.676176e-01
7.863407e-01 8.130880e-01
8.264617e-01 8.411727e-01
8.572211e-01 8.879805e-01
9.000168e-01 9.133905e-01
9.281015e-01 9.561862e-01
9.775840e-01 1.017705e+00
1.045790e+00 1.071200e+00
1.089923e+00 1.107308e+00
1.128706e+00 1.150104e+00
1.175514e+00 1.192900e+00
1.212960e+00 1.231683e+00
1.250407e+00 1.271804e+00
1.290528e+00 1.301226e+00
8.447581e+02 9.100806e+02
9.245968e+02 9.754032e+02
9.971774e+02 1.040726e+03
1.106048e+03 1.185887e+03
1.272984e+03 1.331048e+03
1.410887e+03 1.461694e+03
1.548790e+03 1.599597e+03
1.679435e+03 1.730242e+03
1.788306e+03 1.860887e+03
1.911694e+03 1.955242e+03
2.027823e+03 2.085887e+03
2.122177e+03 2.136694e+03
2.122177e+03 2.078629e+03
2.056855e+03 2.013306e+03
1.962500e+03 1.904435e+03
1.853629e+03 1.795565e+03
1.773790e+03 1.715726e+03
1.686694e+03 1.635887e+03
1.592339e+03 1.570565e+03
1.548790e+03 1.541532e+03
1.519758e+03 1.497984e+03
1.490726e+03 1.483468e+03
1.461694e+03 1.432661e+03
1.389113e+03 1.360081e+03
1.352823e+03 1.352823e+03
1.352823e+03 1.345565e+03
1.345565e+03 1.331048e+03
1.323790e+03 1.316532e+03
