1.938878e-01 2.139483e-01
2.286593e-01 2.433703e-01
2.741297e-01 2.928528e-01
3.115759e-01 3.276243e-01
3.450101e-01 3.570464e-01
3.637332e-01 3.837937e-01
4.038542e-01 4.265894e-01
4.399630e-01 4.680477e-01
4.787466e-01 5.001445e-01
5.215423e-01 5.416028e-01
5.643380e-01 5.817238e-01
6.044590e-01 6.138206e-01
6.325437e-01 6.499294e-01
6.780141e-01 7.034241e-01
7.248219e-01 7.462198e-01
7.676176e-01 7.863407e-01
8.077386e-01 8.224496e-01
8.438474e-01 8.665827e-01
8.826310e-01 9.000168e-01
9.187399e-01 9.347883e-01
9.588609e-01 9.869456e-01
1.011018e+00 1.048464e+00
1.076549e+00 1.101959e+00
1.120682e+00 1.142080e+00
1.163478e+00 1.179526e+00
1.198249e+00 1.220985e+00
1.243720e+00 1.259768e+00
1.275817e+00 1.290528e+00
1.301226e+00 7.358871e+02
8.302419e+02 8.665323e+02
9.100806e+02 1.004435e+03
1.077016e+03 1.164113e+03
1.265726e+03 1.374597e+03
1.490726e+03 1.527016e+03
1.686694e+03 1.810081e+03
1.955242e+03 2.027823e+03
2.165726e+03 2.209274e+03
2.245565e+03 2.245565e+03
2.252823e+03 2.238306e+03
2.216532e+03 2.180242e+03
2.165726e+03 2.129435e+03
2.100403e+03 2.071371e+03
2.056855e+03 2.035081e+03
2.078629e+03 2.078629e+03
2.071371e+03 2.006048e+03
1.947984e+03 1.889919e+03
1.781048e+03 1.737500e+03
1.686694e+03 1.621371e+03
1.577823e+03 1.519758e+03
1.483468e+03 1.468952e+03
1.468952e+03 1.454435e+03
1.439919e+03 1.425403e+03
1.389113e+03 1.410887e+03
1.410887e+03 1.403629e+03
1.389113e+03 1.403629e+03
1.381855e+03 1.381855e+03
1.345565e+03 1.323790e+03
