1.938878e-01 2.045867e-01
2.139483e-01 2.246472e-01
2.366835e-01 2.554066e-01
2.727923e-01 2.848286e-01
2.995397e-01 3.062265e-01
3.196001e-01 3.302991e-01
3.436727e-01 3.610585e-01
3.704200e-01 3.837937e-01
3.958300e-01 4.092036e-01
4.252520e-01 4.292641e-01
4.372883e-01 4.519993e-01
4.626983e-01 4.760719e-01
4.867708e-01 4.934577e-01
5.054940e-01 5.148555e-01
5.309039e-01 5.402655e-01
5.589886e-01 5.763743e-01
5.950974e-01 6.098085e-01
6.231821e-01 6.419052e-01
6.606284e-01 6.780141e-01
6.940625e-01 7.154603e-01
7.435450e-01 7.582560e-01
7.823286e-01 7.916902e-01
8.077386e-01 8.197749e-01
8.331485e-01 8.505343e-01
8.639079e-01 8.759442e-01
8.933300e-01 9.120531e-01
9.254267e-01 9.535114e-01

