1.912130e-01 2.126109e-01
2.246472e-01 2.487198e-01
2.647681e-01 2.848286e-01
3.075638e-01 3.343112e-01
3.637332e-01 3.864684e-01
4.038542e-01 4.439751e-01
4.626983e-01 4.707224e-01
4.840961e-01 4.934577e-01
5.121808e-01 5.242171e-01
5.482897e-01 5.616633e-01
5.830612e-01 6.044590e-01
6.231821e-01 6.352184e-01
6.472547e-01 6.539415e-01
6.713273e-01 6.900504e-01
7.101109e-01 7.368582e-01
7.555813e-01 7.716297e-01
7.916902e-01 8.037265e-01
8.211122e-01 8.411727e-01
8.612332e-01 8.826310e-01
9.040289e-01 9.133905e-01
9.240894e-01 9.468246e-01
9.749093e-01 9.989819e-01
1.027067e+00 1.044452e+00
1.063175e+00 1.089923e+00
1.108646e+00 1.122019e+00
1.138068e+00 1.159466e+00
1.179526e+00 1.204936e+00
1.229009e+00 1.249069e+00
1.277154e+00 1.297214e+00
9.100806e+02 9.971774e+02
1.055242e+03 1.106048e+03
1.164113e+03 1.193145e+03
1.222177e+03 1.272984e+03
1.345565e+03 1.381855e+03
1.432661e+03 1.563306e+03
1.657661e+03 1.715726e+03
1.795565e+03 1.831855e+03
1.853629e+03 1.853629e+03
1.839113e+03 1.817339e+03
1.788306e+03 1.788306e+03
1.846371e+03 1.904435e+03
1.969758e+03 1.991532e+03
2.049597e+03 2.049597e+03
2.035081e+03 2.006048e+03
1.947984e+03 1.904435e+03
1.839113e+03 1.788306e+03
1.730242e+03 1.672177e+03
1.628629e+03 1.570565e+03
1.512500e+03 1.519758e+03
1.519758e+03 1.497984e+03
1.512500e+03 1.512500e+03
1.512500e+03 1.519758e+03
1.497984e+03 1.483468e+03
1.425403e+03 1.374597e+03
1.331048e+03 1.316532e+03
1.294758e+03 1.272984e+03
1.294758e+03 1.280242e+03
1.294758e+03 1.331048e+03
