1.965625e-01 2.085988e-01
2.219724e-01 2.313340e-01
2.500571e-01 2.687802e-01
2.875034e-01 3.022144e-01
3.169254e-01 3.302991e-01
3.436727e-01 3.637332e-01
3.784442e-01 3.918179e-01
4.065289e-01 4.265894e-01
4.426378e-01 4.653730e-01
4.814214e-01 5.028192e-01
5.268918e-01 5.429402e-01
5.643380e-01 5.830612e-01
6.044590e-01 6.392305e-01
6.633031e-01 6.820262e-01
7.060988e-01 7.208098e-01
7.395329e-01 7.555813e-01
7.769792e-01 7.930276e-01
8.104133e-01 8.264617e-01
8.438474e-01 8.625706e-01
8.732695e-01 8.919926e-01
9.067036e-01 9.254267e-01
9.428125e-01 9.642103e-01
9.829335e-01 1.004331e+00
1.015030e+00 1.035091e+00
1.052476e+00 1.075212e+00
1.091260e+00 1.107308e+00
1.118007e+00 1.136731e+00
1.152779e+00 1.172839e+00
1.191563e+00 1.210286e+00
1.229009e+00 1.247732e+00
1.263780e+00 1.286515e+00
1.302564e+00 9.173387e+02

