1.898757e-01 2.085988e-01
2.286593e-01 2.393582e-01
2.540692e-01 2.647681e-01
2.741297e-01 2.861660e-01
2.928528e-01 3.022144e-01
3.169254e-01 3.396606e-01
3.610585e-01 3.851310e-01
4.078663e-01 4.265894e-01
4.439751e-01 4.680477e-01
4.840961e-01 5.081687e-01
5.295665e-01 5.509644e-01
5.696875e-01 5.830612e-01
5.950974e-01 6.111458e-01
6.352184e-01 6.512668e-01
6.686526e-01 6.873757e-01
7.034241e-01 7.154603e-01
7.368582e-01 7.582560e-01
7.743044e-01 7.930276e-01
8.144254e-01 8.318112e-01
8.451848e-01 8.692574e-01
8.879805e-01 9.093784e-01
9.428125e-01 9.682224e-01
9.896203e-01 1.015030e+00
1.032416e+00 1.049802e+00
1.067187e+00 1.089923e+00
1.109983e+00 1.134056e+00
1.160803e+00 1.187550e+00
1.206274e+00 1.226334e+00
1.243720e+00 1.265118e+00
1.290528e+00 1.302564e+00
7.721774e+02 8.157258e+02
8.012097e+02 8.012097e+02
8.302419e+02 8.665323e+02
9.391129e+02 1.069758e+03
1.135081e+03 1.251210e+03
1.403629e+03 1.577823e+03
1.752016e+03 1.918952e+03
2.078629e+03 2.194758e+03
2.303629e+03 2.419758e+03
2.514113e+03 2.593952e+03
2.666532e+03 2.695565e+03
2.666532e+03 2.673790e+03
2.630242e+03 2.550403e+03
2.419758e+03 2.390726e+03
2.296371e+03 2.245565e+03
2.194758e+03 2.114919e+03
2.064113e+03 1.998790e+03
1.955242e+03 1.918952e+03
1.904435e+03 1.889919e+03
1.897177e+03 1.918952e+03
1.918952e+03 1.933468e+03
1.947984e+03 1.940726e+03
1.868145e+03 1.759274e+03
1.701210e+03 1.628629e+03
1.570565e+03 1.490726e+03
1.439919e+03 1.410887e+03
1.360081e+03 1.345565e+03
1.403629e+03 1.381855e+03
1.403629e+03 1.403629e+03
1.425403e+03 1.425403e+03
