2.941902e-01 3.155880e-01
3.302991e-01 3.530343e-01
3.824563e-01 4.038542e-01
4.225773e-01 4.439751e-01
4.733972e-01 5.001445e-01
5.148555e-01 5.402655e-01
5.616633e-01 5.830612e-01
6.044590e-01 6.231821e-01
6.445800e-01 6.659778e-01
7.034241e-01 7.221472e-01
7.301714e-01 7.422077e-01
7.555813e-01 7.743044e-01
7.863407e-01 8.117507e-01
8.318112e-01 8.598958e-01
8.786190e-01 9.040289e-01
9.307762e-01 9.428125e-01
9.494993e-01 9.708972e-01
9.869456e-01 1.013693e+00
1.029741e+00 1.047127e+00
1.065850e+00 1.091260e+00
1.101959e+00 1.115333e+00
1.126032e+00 1.144755e+00
1.168827e+00 1.172839e+00
1.192900e+00 2.136694e+03
2.231048e+03 2.245565e+03
2.274597e+03 2.303629e+03
2.361694e+03 2.419758e+03
2.470565e+03 2.521371e+03
2.593952e+03 2.659274e+03
2.739113e+03 2.826210e+03
2.877016e+03 2.869758e+03
2.840726e+03 2.782661e+03
2.739113e+03 2.637500e+03
2.572177e+03 2.557661e+03
2.528629e+03 2.492339e+03
2.456048e+03 2.412500e+03
2.397984e+03 2.361694e+03
2.354435e+03 2.325403e+03
2.267339e+03 2.231048e+03
2.209274e+03 2.231048e+03
2.252823e+03 2.289113e+03
2.339919e+03 2.361694e+03
2.354435e+03 2.310887e+03
2.194758e+03 2.129435e+03
2.049597e+03 1.998790e+03
1.933468e+03 1.889919e+03
1.846371e+03 1.715726e+03
