1.938878e-01 2.099362e-01
2.299966e-01 2.487198e-01
2.620934e-01 2.808165e-01
2.968649e-01 3.115759e-01
3.409980e-01 3.583837e-01
3.824563e-01 4.185652e-01
4.426378e-01 4.560114e-01
4.840961e-01 5.121808e-01
5.362534e-01 5.643380e-01
5.884106e-01 6.124832e-01
6.285316e-01 6.539415e-01
6.900504e-01 7.101109e-01
7.248219e-01 7.582560e-01
7.729671e-01 7.957023e-01
8.171001e-01 8.384980e-01
8.692574e-01 8.853058e-01
9.133905e-01 9.307762e-01
9.494993e-01 9.749093e-01
9.922950e-01 1.017705e+00
1.051139e+00 1.089923e+00
1.109983e+00 1.131381e+00
1.151442e+00 1.180864e+00
1.200924e+00 1.224997e+00
1.250407e+00 1.266455e+00
1.282503e+00 1.306576e+00
8.084677e+02 8.665323e+02
9.391129e+02 1.004435e+03
1.077016e+03 1.185887e+03
1.302016e+03 1.425403e+03
1.657661e+03 1.759274e+03
1.926210e+03 2.143952e+03
2.274597e+03 2.325403e+03
2.397984e+03 2.383468e+03
2.339919e+03 2.245565e+03
2.187500e+03 2.136694e+03
2.100403e+03 2.071371e+03
2.042339e+03 2.078629e+03
2.122177e+03 2.158468e+03
2.100403e+03 2.027823e+03
1.955242e+03 1.868145e+03
1.781048e+03 1.715726e+03
1.657661e+03 1.577823e+03
1.548790e+03 1.490726e+03
1.483468e+03 1.468952e+03
1.490726e+03 1.519758e+03
1.512500e+03 1.483468e+03
1.483468e+03 1.454435e+03
1.439919e+03 1.432661e+03
1.432661e+03 1.439919e+03
1.439919e+03 1.439919e+03
