1.938878e-01 2.045867e-01
2.139483e-01 2.299966e-01
2.353461e-01 2.460450e-01
2.647681e-01 2.794792e-01
2.901781e-01 3.075638e-01
3.236122e-01 3.356485e-01
3.503595e-01 3.637332e-01
3.851310e-01 3.985047e-01
4.158905e-01 4.413004e-01
4.653730e-01 4.840961e-01
5.268918e-01 5.509644e-01
5.763743e-01 5.924227e-01
6.084711e-01 6.258569e-01
6.419052e-01 6.726647e-01
6.847009e-01 7.007493e-01
7.154603e-01 7.274966e-01
7.341835e-01 7.529066e-01
7.676176e-01 7.863407e-01
7.983770e-01 8.197749e-01
8.331485e-01 8.505343e-01
8.665827e-01 8.879805e-01
9.026915e-01 9.160652e-01
9.347883e-01 9.561862e-01
9.735719e-01 9.963071e-01
1.017705e+00 1.033753e+00
1.053814e+00 1.073874e+00
1.101959e+00 1.127369e+00
1.146092e+00 1.167490e+00
1.186213e+00 1.210286e+00
1.229009e+00 1.241045e+00
1.251744e+00 1.275817e+00
1.286515e+00 8.084677e+02
8.520161e+02 8.955645e+02
9.899194e+02 1.069758e+03
1.156855e+03 1.302016e+03
1.439919e+03 1.527016e+03
1.708468e+03 1.853629e+03
1.933468e+03 2.013306e+03
2.071371e+03 2.158468e+03
2.194758e+03 2.245565e+03
2.347177e+03 2.434274e+03
2.514113e+03 2.543145e+03
2.499597e+03 2.397984e+03
2.339919e+03 2.267339e+03
2.209274e+03 2.172984e+03
2.122177e+03 2.100403e+03
2.114919e+03 2.114919e+03
2.129435e+03 2.143952e+03
2.136694e+03 2.107661e+03
2.064113e+03 2.020565e+03
1.940726e+03 1.889919e+03
1.839113e+03 1.810081e+03
1.744758e+03 1.708468e+03
1.657661e+03 1.606855e+03
1.548790e+03 1.519758e+03
1.468952e+03 1.461694e+03
1.468952e+03 1.512500e+03
1.512500e+03 1.541532e+03
1.548790e+03 1.527016e+03
1.519758e+03 1.483468e+03
1.439919e+03 1.410887e+03
1.403629e+03 1.389113e+03
1.381855e+03 1.360081e+03
