1.938878e-01 2.085988e-01
2.286593e-01 2.366835e-01
2.540692e-01 2.741297e-01
2.834913e-01 3.048891e-01
3.236122e-01 3.423353e-01
3.717574e-01 3.998421e-01
4.092036e-01 4.265894e-01
4.399630e-01 4.493246e-01
4.680477e-01 4.867708e-01
5.054940e-01 5.215423e-01
5.429402e-01 5.616633e-01
5.830612e-01 6.084711e-01
6.285316e-01 6.419052e-01
6.633031e-01 6.913878e-01
6.967372e-01 7.181351e-01
7.395329e-01 7.622681e-01
7.863407e-01 8.144254e-01
8.358233e-01 8.505343e-01
8.732695e-01 8.933300e-01
9.040289e-01 9.240894e-01
9.374630e-01 9.494993e-01
9.708972e-01 9.936324e-01
1.011018e+00 1.041778e+00
1.059163e+00 1.089923e+00
1.113995e+00 1.126032e+00
1.139405e+00 1.152779e+00
1.171502e+00 1.186213e+00
1.198249e+00 1.203599e+00
1.212960e+00 1.229009e+00
1.241045e+00 1.254419e+00
9.173387e+02 9.899194e+02
1.084274e+03 1.142339e+03
1.251210e+03 1.331048e+03
1.381855e+03 1.497984e+03
1.570565e+03 1.628629e+03
1.715726e+03 1.810081e+03
1.875403e+03 1.984274e+03
2.078629e+03 2.136694e+03
2.216532e+03 2.289113e+03
2.376210e+03 2.419758e+03
2.463306e+03 2.456048e+03
2.412500e+03 2.347177e+03
2.289113e+03 2.231048e+03
2.187500e+03 2.129435e+03
2.078629e+03 2.035081e+03
1.984274e+03 1.955242e+03
1.918952e+03 1.904435e+03
1.853629e+03 1.824597e+03
1.788306e+03 1.737500e+03
1.686694e+03 1.635887e+03
1.599597e+03 1.570565e+03
1.519758e+03 1.497984e+03
1.468952e+03 1.439919e+03
1.439919e+03 1.425403e+03
1.468952e+03 1.497984e+03
1.527016e+03 1.548790e+03
1.577823e+03 1.599597e+03
1.606855e+03 1.628629e+03
1.650403e+03 1.628629e+03
1.621371e+03 1.606855e+03
