1.831888e-01 2.005746e-01
2.219724e-01 2.340087e-01
2.406956e-01 2.540692e-01
2.727923e-01 2.861660e-01
3.048891e-01 3.209375e-01
3.396606e-01 3.583837e-01
3.918179e-01 4.105410e-01
4.426378e-01 4.733972e-01
5.054940e-01 5.322413e-01
5.496270e-01 5.696875e-01
5.924227e-01 6.218448e-01
6.445800e-01 6.753394e-01
6.820262e-01 7.101109e-01
7.274966e-01 7.462198e-01
7.729671e-01 7.823286e-01
8.010517e-01 8.197749e-01
8.384980e-01 8.572211e-01
8.879805e-01 9.040289e-01
9.281015e-01 9.494993e-01
9.655477e-01 9.829335e-01
9.936324e-01 1.017705e+00
1.035091e+00 1.053814e+00
1.069862e+00 1.085911e+00
1.101959e+00 1.120682e+00
1.127369e+00 1.144755e+00
1.156791e+00 1.172839e+00
1.192900e+00 1.222322e+00
1.242382e+00 1.259768e+00
1.281166e+00 1.295877e+00
7.939516e+02 8.375000e+02
8.665323e+02 9.173387e+02
9.754032e+02 1.077016e+03
1.214919e+03 1.374597e+03
1.577823e+03 1.715726e+03
1.853629e+03 1.991532e+03
2.122177e+03 2.209274e+03
2.303629e+03 2.397984e+03
2.448790e+03 2.448790e+03
2.412500e+03 2.354435e+03
2.310887e+03 2.245565e+03
2.231048e+03 2.194758e+03
2.180242e+03 2.122177e+03
2.078629e+03 2.049597e+03
2.020565e+03 1.977016e+03
1.947984e+03 1.933468e+03
1.889919e+03 1.839113e+03
1.802823e+03 1.773790e+03
1.737500e+03 1.701210e+03
1.657661e+03 1.635887e+03
1.606855e+03 1.577823e+03
1.548790e+03 1.512500e+03
1.483468e+03 1.439919e+03
1.425403e+03 1.410887e+03
1.410887e+03 1.403629e+03
1.425403e+03 1.439919e+03
1.439919e+03 1.468952e+03
1.468952e+03 1.483468e+03
1.461694e+03 1.439919e+03
