3.837937e-01 4.011794e-01
4.145531e-01 4.252520e-01
4.413004e-01 4.600235e-01
4.840961e-01 5.054940e-01
5.242171e-01 5.362534e-01
5.603259e-01 5.790491e-01
5.910853e-01 6.138206e-01
6.258569e-01 6.419052e-01
6.566163e-01 6.780141e-01
6.940625e-01 7.087735e-01
7.248219e-01 7.341835e-01
7.488945e-01 7.582560e-01
7.729671e-01 7.836660e-01
8.050638e-01 8.197749e-01
8.318112e-01 8.384980e-01
8.639079e-01 8.786190e-01
8.906552e-01 8.973421e-01
9.133905e-01 9.281015e-01
9.401378e-01 9.468246e-01
9.588609e-01 9.682224e-01
9.963071e-01 1.005669e+00
1.024392e+00 2.245565e+03
2.354435e+03 2.383468e+03
2.441532e+03 2.514113e+03
2.564919e+03 2.593952e+03
2.630242e+03 2.681048e+03
2.739113e+03 2.818952e+03
2.877016e+03 2.935081e+03
2.847984e+03 2.789919e+03
2.681048e+03 2.579435e+03
2.412500e+03 2.332661e+03
2.223790e+03 2.107661e+03
2.071371e+03 2.042339e+03
2.013306e+03 2.049597e+03
2.064113e+03 2.114919e+03
2.136694e+03 2.194758e+03
2.231048e+03 2.252823e+03
2.289113e+03 2.303629e+03
2.289113e+03 2.289113e+03
2.303629e+03 2.296371e+03
2.303629e+03 2.339919e+03
2.383468e+03 2.448790e+03
2.485081e+03 2.521371e+03
