1.938878e-01 2.032493e-01
2.139483e-01 2.313340e-01
2.513945e-01 2.687802e-01
2.915155e-01 3.129133e-01
3.249496e-01 3.396606e-01
3.516969e-01 3.664079e-01
3.837937e-01 4.065289e-01
4.172278e-01 4.225773e-01
4.306015e-01 4.453125e-01
4.519993e-01 4.653730e-01
4.787466e-01 4.934577e-01
5.108434e-01 5.242171e-01
5.416028e-01 5.616633e-01
5.763743e-01 5.950974e-01
6.044590e-01 6.191700e-01
6.325437e-01 6.405679e-01
6.499294e-01 6.686526e-01
6.793515e-01 7.007493e-01
7.127856e-01 7.368582e-01
7.582560e-01 7.702923e-01
7.890155e-01 8.037265e-01
8.211122e-01 8.358233e-01
8.478595e-01 8.639079e-01
8.732695e-01 8.919926e-01
9.067036e-01 9.187399e-01
9.307762e-01 9.468246e-01
9.561862e-01 9.735719e-01
9.802587e-01 1.004331e+00
1.029741e+00 1.052476e+00
1.069862e+00 1.096610e+00
1.113995e+00 1.135393e+00
1.151442e+00 1.168827e+00
1.184876e+00 1.202261e+00
1.214298e+00 1.229009e+00
1.249069e+00 1.269130e+00
1.278491e+00 1.290528e+00
1.297214e+00 9.318548e+02
1.026210e+03 1.069758e+03
1.164113e+03 1.207661e+03
1.222177e+03 1.222177e+03
1.222177e+03 1.265726e+03
1.272984e+03 1.360081e+03
1.410887e+03 1.490726e+03
1.548790e+03 1.621371e+03
1.657661e+03 1.701210e+03
1.737500e+03 1.788306e+03
1.810081e+03 1.853629e+03
1.882661e+03 1.882661e+03
1.875403e+03 1.882661e+03
1.882661e+03 1.875403e+03
1.868145e+03 1.868145e+03
1.904435e+03 1.918952e+03
1.962500e+03 1.991532e+03
2.020565e+03 2.013306e+03
1.998790e+03 1.998790e+03
1.984274e+03 1.969758e+03
1.940726e+03 1.904435e+03
1.846371e+03 1.766532e+03
1.686694e+03 1.650403e+03
1.592339e+03 1.577823e+03
1.541532e+03 1.512500e+03
1.497984e+03 1.497984e+03
1.497984e+03 1.490726e+03
1.490726e+03 1.490726e+03
1.490726e+03 1.490726e+03
1.497984e+03 1.483468e+03
1.425403e+03 1.403629e+03
1.381855e+03 1.331048e+03
1.294758e+03 1.272984e+03
1.265726e+03 1.265726e+03
1.294758e+03 1.302016e+03
1.323790e+03 1.331048e+03
1.352823e+03 1.360081e+03
