3.249496e-01 3.476848e-01
3.570464e-01 3.757695e-01
4.092036e-01 4.386257e-01
4.613609e-01 4.894456e-01
5.148555e-01 5.335786e-01
5.670128e-01 5.950974e-01
6.164953e-01 6.512668e-01
6.753394e-01 7.034241e-01
7.315087e-01 7.555813e-01
7.916902e-01 8.197749e-01
8.451848e-01 8.665827e-01
8.826310e-01 9.000168e-01
9.160652e-01 9.334509e-01
9.521741e-01 9.708972e-01
9.869456e-01 1.015030e+00
1.033753e+00 1.057826e+00
1.088585e+00 1.113995e+00
1.128706e+00 1.148767e+00
1.175514e+00 1.195575e+00
1.208948e+00 1.969758e+03
2.064113e+03 2.078629e+03
2.158468e+03 2.245565e+03
2.339919e+03 2.397984e+03
2.470565e+03 2.572177e+03
2.652016e+03 2.673790e+03
2.630242e+03 2.615726e+03
2.579435e+03 2.557661e+03
2.514113e+03 2.463306e+03
2.434274e+03 2.390726e+03
2.354435e+03 2.332661e+03
2.339919e+03 2.339919e+03
2.289113e+03 2.245565e+03
2.216532e+03 2.194758e+03
2.172984e+03 2.143952e+03
2.114919e+03 2.085887e+03
2.064113e+03 2.064113e+03
2.035081e+03 2.006048e+03
1.998790e+03 2.006048e+03
1.998790e+03 1.977016e+03
