3.369859e-01 3.557090e-01
3.650706e-01 3.824563e-01
3.971673e-01 4.158905e-01
4.372883e-01 4.586862e-01
4.747345e-01 4.934577e-01
5.121808e-01 5.375907e-01
5.549765e-01 5.710249e-01
5.830612e-01 6.004469e-01
6.218448e-01 6.419052e-01
6.566163e-01 6.820262e-01
7.034241e-01 7.154603e-01
7.341835e-01 7.488945e-01
7.676176e-01 7.836660e-01
7.983770e-01 8.117507e-01
8.224496e-01 8.358233e-01
8.598958e-01 8.639079e-01
8.919926e-01 9.147278e-01
9.321136e-01 9.494993e-01
9.735719e-01 9.896203e-01
1.017705e+00 1.045790e+00
1.064513e+00 1.085911e+00
1.111321e+00 1.126032e+00
1.143417e+00 1.158128e+00
1.172839e+00 1.182201e+00
1.187550e+00 1.860887e+03
1.998790e+03 2.049597e+03
2.136694e+03 2.216532e+03
2.310887e+03 2.354435e+03
2.412500e+03 2.463306e+03
2.528629e+03 2.608468e+03
2.724597e+03 2.833468e+03
2.913306e+03 2.964113e+03
2.993145e+03 2.927823e+03
2.840726e+03 2.760887e+03
2.630242e+03 2.550403e+03
2.463306e+03 2.361694e+03
2.303629e+03 2.245565e+03
2.194758e+03 2.158468e+03
2.158468e+03 2.216532e+03
2.289113e+03 2.303629e+03
2.354435e+03 2.361694e+03
2.354435e+03 2.339919e+03
2.325403e+03 2.339919e+03
2.361694e+03 2.412500e+03
2.441532e+03 2.412500e+03
2.354435e+03 2.281855e+03
2.223790e+03 2.165726e+03
2.136694e+03 2.100403e+03
2.078629e+03 2.064113e+03
