0.505493951612903 1991.57303370787
0.530903897849462 1969.90369181381
0.556313844086021 1948.23434991974
0.577711693548387 1926.56500802568
0.605796370967742 1919.34189406100
0.633881048387097 1912.11878009631
0.663303091397849 1904.89566613162
0.684700940860215 1904.89566613162
0.710110887096774 1912.11878009631
0.732846102150538 1919.34189406100
0.754243951612903 1912.11878009631
0.771629704301075 1897.67255216694
0.791690188172043 1890.44943820225
0.811750672043011 1847.11075441413
0.825124327956989 1818.21829855538
0.841172715053764 1753.21027287320
0.858558467741935 1724.31781701445
0.875944220430107 1666.53290529695
0.898679435483871 1608.74799357946
0.917402553763441 1579.85553772071
0.934788306451613 1558.18619582665
0.946824596774193 1529.29373996790
0.956186155913979 1507.62439807384
0.969559811827957 1478.73194221509
0.982933467741935 1471.50882825040
0.992295026881720 1442.61637239165
1.00968077956989  1406.50080256822




























