0.712785618279570 2417.73675762440
0.727496639784946 2432.18298555377
0.747557123655914 2396.06741573034
0.759593413978494 2381.62118780096
0.778316532258064 2359.95184590690
0.798377016129032 2359.95184590690
0.807738575268817 2367.17495987159
0.825124327956989 2359.95184590690
0.847859543010753 2396.06741573034
0.857221102150538 2367.17495987159
0.870594758064516 2359.95184590690
0.883968413978495 2294.94382022472
0.897342069892473 2222.71268057785
0.908040994623656 2136.03531300161
0.914727822580645 2085.47351524880
0.926764112903226 2013.24237560193
0.934788306451613 1969.90369181381
0.948161962365591 1897.67255216694
0.956186155913979 1854.33386837881
0.965547715053763 1810.99518459069





















