0.540265456989247  2049.35794542536
0.552301747311828  2006.01926163724
0.571024865591398  1969.90369181381
0.588410618279570  1948.23434991974
0.600446908602150  1919.34189406100
0.625856854838710  1912.11878009631
0.641905241935484  1897.67255216694
0.660628360215054  1883.22632423756
0.675339381720430  1876.00321027287
0.695399865591398  1868.78009630819
0.712785618279570  1861.55698234350
0.727496639784946  1854.33386837881
0.743545026881720  1832.66452648475
0.756918682795699  1810.99518459069
0.768954973118280  1796.54895666132
0.779653897849462  1774.87961476726
0.790352822580645  1738.76404494382
0.794364919354839  1709.87158908507
0.802389112903226  1702.64847512039
0.811750672043011  1666.53290529695
0.822449596774194  1644.86356340289
0.833148521505376  1630.41733547352
0.846522177419355  1608.74799357946
0.870594758064516  1572.63242375602
0.886643145161290  1543.73996789727
0.863907930107527  1587.07865168539
0.897342069892473  1529.29373996790
0.912053091397849  1507.62439807384
0.922752016129032  1471.50882825040
0.932113575268817  1471.50882825040
0.941475134408602  1449.83948635634
0.949499327956989  1442.61637239165
0.960198252688172  1435.39325842697
0.965547715053763  1442.61637239165
0.972234543010753  1442.61637239165




































