0.572362231182796 2172.15088282504
0.588410618279570 2157.70465489567
0.604459005376344 2143.25842696629
0.620507392473118 2150.48154093098
0.640567876344086 2121.58908507223
0.663303091397849 2121.58908507223
0.683363575268817 2099.91974317817
0.702086693548387 2099.91974317817
0.719472446236559 2092.69662921348
0.746219758064516 2078.25040128411
0.759593413978494 2049.35794542536
0.774304435483871 2034.91171749599
0.791690188172043 1984.34991974318
0.807738575268817 1948.23434991974
0.818437500000000 1912.11878009631
0.829136424731183 1854.33386837881
0.846522177419355 1789.32584269663
0.858558467741935 1753.21027287320
0.873269489247312 1717.09470304976
0.883968413978495 1688.20224719101
0.898679435483871 1637.64044943820
0.914727822580645 1565.40930979133
0.926764112903226 1507.62439807384
0.940137768817204 1485.95505617978
0.957523521505376 1428.17014446228
0.973571908602151 1377.60834670947



























