0.588410618279570  1991.57303370787
0.604459005376344  1904.89566613162
0.619170026881720  1861.55698234350
0.635218413978495  1810.99518459069
0.648592069892473  1782.10272873194
0.667315188172043  1767.65650080257
0.683363575268817  1767.65650080257
0.698074596774193  1796.54895666132
0.715460349462366  1782.10272873194
0.730171370967742  1810.99518459069
0.751569220430107  1782.10272873194
0.768954973118280  1789.32584269663
0.785003360215054  1753.21027287320
0.801051747311828  1717.09470304976
0.819774865591398  1717.09470304976
0.827799059139785  1688.20224719101
0.841172715053764  1666.53290529695
0.854546370967742  1637.64044943820
0.874606854838710  1608.74799357946
0.898679435483871  1587.07865168539
0.914727822580645  1572.63242375602
0.925426747311828  1543.73996789727
0.933450940860215  1507.62439807384
0.942812500000000  1471.50882825040
0.952174059139785  1442.61637239165
0.965547715053763  1406.50080256822
0.976246639784946  1377.60834670947
0.986945564516129  1370.38523274478
1.00566868279570   1341.49277688604






























