0.288840725806452   1124.79935794543
0.316925403225806   1305.37720706260
0.332973790322580   1471.50882825040
0.362395833333333   1572.63242375602
0.405191532258064   1745.98715890851
0.449324596774193   1847.11075441413
0.478746639784946   1919.34189406100
0.508168682795699   2020.46548956661
0.534915994623656   2229.93579454254
0.546952284946237   2396.06741573034
0.565675403225806   2627.20706260032
0.585735887096774   2815.00802568218
0.383793682795699   1637.64044943820
0.431938844086021   1767.65650080257
0.524217069892473   2114.36597110755

