0.534915994623656  2511.63723916533
0.550964381720430  2424.95987158909
0.567012768817204  2388.84430176565
0.585735887096774  2331.05939004816
0.605796370967742  2302.16693418941
0.624519489247312  2266.05136436597
0.639230510752688  2266.05136436597
0.655278897849462  2229.93579454254
0.676676747311828  2193.82022471910
0.692725134408602  2186.59711075442
0.711448252688172  2157.70465489567
0.735520833333333  2136.03531300161
0.748894489247312  2128.81219903692
0.762268145161290  2128.81219903692
0.778316532258064  2107.14285714286
0.786340725806452  2107.14285714286
0.797039650537634  2071.02728731942
0.807738575268817  2063.80417335474
0.822449596774194  2013.24237560193
0.835823252688172  1977.12680577849
0.851871639784946  1926.56500802568
0.867920026881720  1868.78009630819
0.881293682795699  1818.21829855538
0.893329973118279  1774.87961476726
0.902691532258065  1789.32584269663
0.913390456989247  1738.76404494382
0.926764112903226  1702.64847512039




















































