0.706098790322581 2605.53772070626
0.720809811827957 2583.86837881220
0.739532930107527 2533.30658105939
0.763605510752688 2497.19101123596
0.785003360215054 2446.62921348315
0.801051747311828 2432.18298555377
0.830473790322581 2432.18298555377
0.851871639784946 2403.29052969503
0.874606854838710 2352.72873194222
0.885305779569892 2294.94382022472
0.894667338709677 2244.38202247191
0.905366263440860 2186.59711075442
0.917402553763441 2099.91974317817
0.926764112903226 2049.35794542536
0.929438844086021 1991.57303370787
0.937463037634409 1948.23434991974
0.946824596774193 1897.67255216694
0.953511424731183 1839.88764044944
0.961535618279570 1818.21829855538
0.969559811827957 1767.65650080257
0.972234543010753 1753.21027287320
0.978921370967742 1724.31781701445























