0.550964381720430  2367.17495987159
0.565675403225806  2338.28250401284
0.588410618279570  2258.82825040129
0.605796370967742  2229.93579454254
0.625856854838710  2208.26645264848
0.644579973118279  2179.37399678973
0.659290994623656  2164.92776886035
0.676676747311828  2157.70465489567
0.692725134408602  2157.70465489567
0.703424059139785  2157.70465489567
0.712785618279570  2157.70465489567
0.724821908602151  2143.25842696629
0.736858198924731  2136.03531300161
0.756918682795699  2099.91974317817
0.774304435483871  2092.69662921348
0.786340725806452  2063.80417335474
0.802389112903226  2042.13483146067
0.819774865591398  1984.34991974318
0.829136424731183  1941.01123595506
0.842510080645161  1883.22632423756
0.858558467741935  1854.33386837881
0.871932123655914  1789.32584269663
0.889317876344086  1738.76404494382
0.906703629032258  1680.97913322633

























