0.596434811827957  1977.12680577849
0.605796370967742  1919.34189406100
0.623182123655914  1883.22632423756
0.640567876344086  1868.78009630819
0.648592069892473  1839.88764044944
0.663303091397849  1825.44141252007
0.683363575268817  1818.21829855538
0.711448252688172  1810.99518459069
0.727496639784946  1803.77207062600
0.742207661290323  1818.21829855538
0.766280241935484  1803.77207062600
0.790352822580645  1796.54895666132
0.805063844086022  1753.21027287320
0.826461693548387  1709.87158908507
0.841172715053764  1659.30979133226
0.855883736559140  1615.97110754414
0.869257392473118  1579.85553772071
0.885305779569892  1550.96308186196
0.902691532258065  1536.51685393259
0.917402553763441  1507.62439807384
0.928101478494624  1478.73194221509
0.941475134408602  1435.39325842697
0.950836693548387  1406.50080256822
0.961535618279570  1384.83146067416
0.973571908602151  1377.60834670947
0.984270833333333  1370.38523274478
0.989620295698925  1355.93900481541




























