0.403854166666667 1652.08667736758 
0.418565188172043 1702.64847512039
0.445312500000000 1803.77207062600
0.469385080645161 1876.00321027287
0.496132392473118 1991.57303370787
0.520204973118279 2121.58908507223
0.533578629032258 2201.04333868379
0.552301747311828 2266.05136436597
0.564338037634409 2280.49759229535
0.585735887096774 2280.49759229535
0.604459005376344 2273.27447833066
0.623182123655914 2280.49759229535
0.652604166666667 2251.60513643660
0.672664650537634 2229.93579454254
0.688713037634409 2186.59711075442
0.704761424731183 2121.58908507223
0.720809811827957 2121.58908507223
0.739532930107527 2143.25842696629
0.754243951612903 2164.92776886035
0.767617607526882 2244.38202247191
0.778316532258064 2280.49759229535






















