0.161790994623656   814.205457463886
0.204586693548387   1067.01444622793
0.254069220430107   1247.59229534511
0.311575940860215   1420.94703049759
0.366407930107527   1558.18619582665
0.441300403225806   1745.98715890851
0.498807123655914   1839.88764044944
0.544277553763441   1904.89566613162
0.599109543010753   1919.34189406100
0.652604166666667   1926.56500802568
0.712785618279570   1897.67255216694
0.768954973118280   1803.77207062600
0.825124327956989   1688.20224719101
0.873269489247312   1608.74799357946
0.922752016129032   1507.62439807384
0.972234543010753   1384.83146067416

