0.553639112903226  2027.68860353130
0.567012768817204  1991.57303370787
0.583061155913978  1962.68057784912
0.599109543010753  1941.01123595506
0.611145833333333  1926.56500802568
0.625856854838710  1897.67255216694
0.639230510752688  1854.33386837881
0.651266801075269  1854.33386837881
0.667315188172043  1854.33386837881
0.678014112903226  1825.44141252007
0.694062500000000  1818.21829855538
0.708773521505376  1782.10272873194
0.731508736559140  1782.10272873194
0.756918682795699  1774.87961476726
0.775641801075269  1760.43338683788
0.785003360215054  1760.43338683788
0.795702284946236  1717.09470304976
0.806401209677419  1717.09470304976
0.818437500000000  1695.42536115570
0.829136424731183  1680.97913322633
0.837160618279570  1673.75601926164
0.847859543010753  1652.08667736758
0.861233198924731  1615.97110754414
0.878618951612903  1587.07865168539
0.890655241935484  1565.40930979133
0.906703629032258  1543.73996789727



























