0.430601478494624  1912.11878009631
0.461360887096774  1883.22632423756
0.486770833333333  1861.55698234350
0.516192876344086  1861.55698234350
0.541602822580645  1876.00321027287
0.565675403225806  1876.00321027287
0.584398521505376  1868.78009630819
0.620507392473118  1854.33386837881
0.639230510752688  1839.88764044944
0.664640456989247  1832.66452648475
0.687375672043011  1832.66452648475
0.700749327956989  1825.44141252007
0.722147177419355  1825.44141252007
0.740870295698925  1818.21829855538
0.764942876344086  1818.21829855538
0.782328629032258  1818.21829855538
0.794364919354839  1818.21829855538
0.811750672043011  1803.77207062600
0.826461693548387  1789.32584269663
0.842510080645161  1760.43338683788
0.849196908602150  1731.54093097913
0.859895833333333  1702.64847512039
0.869257392473118  1680.97913322633
0.881293682795699  1652.08667736758
0.896004704301075  1637.64044943820
0.909378360215054  1594.30176565008
0.921414650537634  1572.63242375602
0.928101478494624  1550.96308186196

