0.466710349462365 1948.23434991974
0.488108198924731 1948.23434991974
0.504156586021505 1912.11878009631
0.526891801075269 1883.22632423756
0.540265456989247 1876.00321027287
0.564338037634409 1876.00321027287
0.579049059139785 1861.55698234350
0.589747983870968 1825.44141252007
0.608471102150538 1789.32584269663
0.628531586021505 1782.10272873194
0.645917338709677 1796.54895666132
0.672664650537634 1789.32584269663
0.699411962365591 1789.32584269663
0.718135080645161 1803.77207062600
0.735520833333333 1796.54895666132
0.754243951612903 1803.77207062600
0.768954973118280 1825.44141252007
0.786340725806452 1818.21829855538
0.802389112903226 1839.88764044944
0.814425403225806 1825.44141252007
0.831811155913978 1789.32584269663
0.849196908602150 1738.76404494382
0.865245295698925 1688.20224719101
0.878618951612903 1659.30979133226
0.890655241935484 1601.52487961477
0.905366263440860 1558.18619582665
0.920077284946237 1529.29373996790
0.936125672043011 1485.95505617978
0.952174059139785 1478.73194221509
0.965547715053763 1471.50882825040
0.978921370967742 1457.06260032103
0.998981854838710 1435.39325842697
1.01101814516129  1420.94703049759
1.03509072580645  1420.94703049759



































