0.540265456989247  2562.19903691814
0.553639112903226  2511.63723916533
0.567012768817204  2461.07544141252
0.585735887096774  2432.18298555377
0.600446908602150  2417.73675762440
0.617832661290322  2388.84430176565
0.639230510752688  2345.50561797753
0.652604166666667  2338.28250401284
0.663303091397849  2287.72070626003
0.676676747311828  2258.82825040129
0.690050403225806  2244.38202247191
0.706098790322581  2222.71268057785
0.719472446236559  2201.04333868379
0.727496639784946  2193.82022471910
0.738195564516129  2172.15088282504
0.748894489247312  2164.92776886035
0.764942876344086  2172.15088282504
0.778316532258064  2172.15088282504
0.798377016129032  2157.70465489567
0.818437500000000  2150.48154093098
0.834485887096774  2121.58908507223
0.853209005376344  2092.69662921348
0.869257392473118  2042.13483146067
0.885305779569892  1998.79614767255
0.898679435483871  1941.01123595506
0.910715725806451  1883.22632423756
0.928101478494624  1832.66452648475
0.941475134408602  1767.65650080257





























