0.568350134408602 2020.46548956661
0.583061155913978 1998.79614767255
0.593760080645161 1969.90369181381
0.605796370967742 1933.78812199037
0.624519489247312 1904.89566613162
0.641905241935484 1897.67255216694
0.657953629032258 1883.22632423756
0.680688844086021 1876.00321027287
0.700749327956989 1876.00321027287
0.718135080645161 1854.33386837881
0.735520833333333 1832.66452648475
0.750231854838710 1818.21829855538
0.760930779569892 1818.21829855538
0.775641801075269 1796.54895666132
0.786340725806452 1789.32584269663
0.802389112903226 1753.21027287320
0.817100134408602 1724.31781701445
0.831811155913978 1695.42536115570
0.843847446236559 1659.30979133226
0.861233198924731 1637.64044943820
0.879956317204301 1608.74799357946
0.891992607526882 1579.85553772071
0.913390456989247 1550.96308186196
0.929438844086021 1522.07062600321
0.938800403225806 1500.40128410915
0.944149865591398 1493.17817014446
0.950836693548387 1471.50882825040
0.962872983870968 1449.83948635634





























