0.563000672043011 2056.58105939005
0.589747983870968 2034.91171749599
0.615157930107527 2042.13483146067
0.648592069892473 2034.91171749599
0.678014112903226 2034.91171749599
0.698074596774193 2020.46548956661
0.715460349462366 2020.46548956661
0.739532930107527 1991.57303370787
0.763605510752688 1969.90369181381
0.786340725806452 1933.78812199037
0.803726478494624 1904.89566613162
0.821112231182796 1847.11075441413
0.834485887096774 1789.32584269663
0.853209005376344 1745.98715890851
0.870594758064516 1709.87158908507
0.887980510752688 1659.30979133226
0.904028897849462 1615.97110754414
0.922752016129032 1572.63242375602
0.934788306451613 1536.51685393259
0.946824596774193 1507.62439807384
0.956186155913979 1478.73194221509
0.964210349462366 1457.06260032103
0.974909274193548 1435.39325842697
0.989620295698925 1399.27768860353
0.994969758064516 1384.83146067416
1.00834341397849  1377.60834670947



























