0.460023521505376 2027.68860353130
0.480084005376344 1969.90369181381
0.496132392473118 1948.23434991974
0.520204973118279 1904.89566613162
0.542940188172043 1883.22632423756
0.591085349462366 1832.66452648475
0.616495295698925 1803.77207062600
0.639230510752688 1789.32584269663
0.656616263440860 1789.32584269663
0.675339381720430 1789.32584269663
0.695399865591398 1796.54895666132
0.718135080645161 1810.99518459069
0.739532930107527 1810.99518459069
0.763605510752688 1810.99518459069
0.780991263440860 1818.21829855538
0.791690188172043 1803.77207062600
0.809075940860215 1789.32584269663
0.819774865591398 1745.98715890851
0.834485887096774 1724.31781701445
0.843847446236559 1680.97913322633
0.857221102150538 1659.30979133226
0.878618951612903 1630.41733547352
0.893329973118279 1587.07865168539
0.906703629032258 1558.18619582665
0.917402553763441 1500.40128410915
0.932113575268817 1478.73194221509
0.948161962365591 1435.39325842697
0.968222446236559 1406.50080256822
0.986945564516129 1406.50080256822
1.00165658602151  1406.50080256822































