 0         652.1
 5         657.4
 10        666.9
 15        679.3
 20          693
 25        707.3
 30        721.7
 35        736.1
 40        750.5
 45          765
 50        779.4
 55        793.9
 60        808.3
 65        822.7
 70        837.2
 75        851.6
 80          866
 85        880.5
 90        894.9
 95        909.3
 100       923.8
 105       938.2
 110       952.6
 115       967.1
 120       981.5
 125       995.9
 130        1010
 135        1025
 140        1039
 145        1054
 150        1068
 155        1083
 160        1097
 165        1111
 170        1126
 175        1144
 180        1168
 185        1207
 190        1264
 195        1339
 200        1421
 205        1502
 210        1580
 215        1657
 220        1738
 225        1818
 230        1886
 235        1935
 240        1963
 245        1974
 250        1978
 255        1979
 260        1979
 265        1979
 270        1979
 275        1979
 280        1980
 285        1985
 290        2001
 295        2035
 300        2095
 305        2176
 310        2264
 315        2340
 320        2384
 325        2387
 330        2349
 335        2281
 340        2201
 345        2127
 350        2073
 355        2047
 360        2052
 365        2094
 370        2179
 375        2302
 380        2440
 385        2554
 390        2606
 395        2579
 400        2486
 405        2363
 410        2249
 415        2171
 420        2134
 425        2127
 430        2138
 435        2154
 440        2172
 445        2189
 450        2206
 455        2222
 460        2242
 465        2269
 470        2313
 475        2379
 480        2461
 485        2541
 490        2598
 495        2617
 500        2598
 505        2557
 510        2514
 515        2482
 520        2464
 525        2456
 530        2454
 535        2454
 540        2454
 545        2455
 550        2460
 555        2478
 560        2522
 565        2603
 570        2719
 575        2854
 580        2981
 585        3078
 590        3136
 595        3163
 600        3173
 605        3175
 610        3175
 615        3174
 620        3169
 625        3154
 630        3123
 635        3069
 640        2999
 645        2923
 650        2859
 655        2817
 660        2805
 665        2824
 670        2877
 675        2964
 680        3076
 685        3198
 690        3307
 695        3386
 700        3433
 705        3455
 710        3462
 715        3464
 720        3464
 725        3464
 730        3464
 735        3464
 740        3464
 745        3464
 750        3464
 755        3464
 760        3464
 765        3464
 770        3464
 775        3464
 780        3464
 785        3464
 790        3464
 795        3464
 800        3464
 805        3464
 810        3464
 815        3464
 820        3464
 825        3464
 830        3464
 835        3464
 840        3464
 845        3464
 850        3464
 855        3464
 860        3464
 865        3464
 870        3464
 875        3464
 880        3464
