 0         652.1
 5         657.4
 10        666.9
 15        679.3
 20          693
 25        707.3
 30        721.7
 35        736.1
 40        750.5
 45          765
 50        779.4
 55        793.9
 60        808.3
 65        822.7
 70        837.2
 75        851.6
 80          866
 85        880.5
 90        894.9
 95        909.3
 100       923.8
 105       938.2
 110       952.6
 115       967.1
 120       981.5
 125       995.9
 130        1010
 135        1025
 140        1039
 145        1054
 150        1068
 155        1083
 160        1097
 165        1111
 170        1126
 175        1144
 180        1169
 185        1208
 190        1266
 195        1342
 200        1428
 205        1515
 210        1599
 215        1682
 220        1765
 225        1843
 230        1908
 235        1951
 240        1974
 245        1984
 250        1987
 255        1987
 260        1987
 265        1987
 270        1987
 275        1987
 280        1988
 285        1993
 290        2009
 295        2046
 300        2111
 305        2202
 310        2304
 315        2393
 320        2451
 325        2464
 330        2431
 335        2361
 340        2269
 345        2178
 350        2105
 355        2062
 360        2052
 365        2081
 370        2152
 375        2263
 380        2396
 385        2514
 390        2578
 395        2565
 400        2483
 405        2364
 410        2251
 415        2171
 420        2132
 425        2124
 430        2134
 435        2150
 440        2168
 445        2186
 450        2204
 455        2221
 460        2240
 465        2268
 470        2313
 475        2378
 480        2459
 485        2537
 490        2591
 495        2606
 500        2584
 505        2541
 510        2499
 515        2468
 520        2452
 525        2447
 530        2445
 535        2444
 540        2442
 545        2442
 550        2448
 555        2470
 560        2518
 565        2603
 570        2723
 575        2860
 580        2986
 585        3081
 590        3138
 595        3164
 600        3173
 605        3175
 610        3175
 615        3174
 620        3169
 625        3154
 630        3123
 635        3069
 640        2999
 645        2923
 650        2860
 655        2820
 660        2809
 665        2831
 670        2885
 675        2971
 680        3083
 685        3203
 690        3309
 695        3387
 700        3433
 705        3455
 710        3462
 715        3464
 720        3464
 725        3464
 730        3464
 735        3464
 740        3464
 745        3464
 750        3464
 755        3464
 760        3464
 765        3464
 770        3464
 775        3464
 780        3464
 785        3464
 790        3464
 795        3464
 800        3464
 805        3464
 810        3464
 815        3464
 820        3464
 825        3464
 830        3464
 835        3464
 840        3464
 845        3464
 850        3464
 855        3464
 860        3464
 865        3464
 870        3464
 875        3464
